  21621 2017 11 01 09 57 25 19
  21627 2017 11 02 14 32 22 18
  21633 2017 11 03 13 09 19 21
  21634 2017 11 04 08 31 04 07
  21638 2017 11 04 12 53 07 50
  21641 2017 11 05 10 28 02 06
  21647 2017 11 05 12 52 23 45
  21652 2017 11 06 12 53 22 24
  21657 2017 11 07 11 33 22 15
  21658 2017 11 08 11 24 01 12
  21670 2017 11 08 17 22 15 07
  21677 2017 11 09 09 47 09 03
  21717 2017 11 10 01 34 27 43
  21723 2017 11 11 17 02 19 42
  21730 2017 11 12 13 14 01 26
  21732 2017 11 12 14 48 22 02
  21736 2017 11 13 13 20 15 17
  21738 2017 11 14 10 38 02 05
  21742 2017 11 14 13 08 24 04
  21748 2017 11 15 14 27 22 52
  21754 2017 11 16 13 38 13 00
  21755 2017 11 17 09 27 01 43
  21761 2017 11 17 11 26 25 36
  21765 2017 11 18 13 20 23 29
  21770 2017 11 19 13 21 15 08
  21774 2017 11 20 08 29 02 17
  21778 2017 11 20 11 01 23 56
  21779 2017 11 21 11 00 01 07
  21783 2017 11 21 12 25 20 59
  21788 2017 11 22 09 43 15 53
  21789 2017 11 23 01 37 11 08
  21795 2017 11 23 13 05 23 39
  21799 2017 11 24 12 59 21 25
  21803 2017 11 25 10 42 00 24
  21804 2017 11 25 11 07 23 14
  21808 2017 11 26 10 38 00 26
  21814 2017 11 26 11 15 22 53
  21818 2017 11 27 10 24 24 22
  21822 2017 11 28 11 03 14 23
  21850 2017 11 29 10 09 22 24
  21863 2017 11 30 10 49 00 53
  21867 2017 11 30 11 48 21 01
  21871 2017 12 01 09 13 03 42
  21873 2017 12 01 12 56 09 23
  21876 2017 12 01 22 41 09 53
  21893 2017 12 02 10 51 00 26
  21894 2017 12 02 11 18 01 57
  21895 2017 12 02 13 16 01 24
  21896 2017 12 02 14 41 01 21
  21897 2017 12 02 17 29 02 38
  21898 2017 12 02 20 08 13 03
  21903 2017 12 03 09 28 00 46
  21904 2017 12 03 10 15 03 57
  21910 2017 12 03 17 44 16 36
  21918 2017 12 04 11 44 21 40
  21926 2017 12 05 09 41 03 55
  21928 2017 12 05 13 37 19 13
  21933 2017 12 06 09 14 23 48
  21938 2017 12 07 09 19 23 10
  21943 2017 12 08 08 46 07 17
  21944 2017 12 08 16 03 16 08
  21950 2017 12 09 08 28 01 24
  21956 2017 12 09 10 36 03 04
  21957 2017 12 09 13 40 23 10
  21961 2017 12 10 13 14 26 17
  21965 2017 12 11 16 09 04 24
  21967 2017 12 11 21 27 11 29
  21969 2017 12 12 08 57 00 24
  21982 2017 12 12 10 21 04 27
  21983 2017 12 12 14 48 21 52
  21987 2017 12 13 12 56 23 55
  22024 2017 12 14 15 39 05 57
  22025 2017 12 14 21 37 11 05
  22031 2017 12 15 09 25 27 10
  22036 2017 12 16 12 52 19 40
  22040 2017 12 17 08 53 19 36
  22048 2017 12 18 10 14 02 54
  22052 2017 12 18 13 29 23 24
  22057 2017 12 19 13 10 23 38
  22063 2017 12 20 13 03 23 42
  22068 2017 12 21 13 13 00 39
  22070 2017 12 21 13 54 06 47
  22071 2017 12 21 20 42 16 11
  22075 2017 12 22 13 08 20 32
  22079 2017 12 23 10 07 22 46
  22084 2017 12 24 09 09 24 37
  22085 2017 12 25 09 46 03 43
  22089 2017 12 25 13 50 22 49
  22095 2017 12 26 13 56 22 05
  22099 2017 12 27 13 02 23 31
  22103 2017 12 28 12 51 04 40
  22105 2017 12 28 17 32 19 26
  22110 2017 12 29 13 14 16 14
  22111 2017 12 30 10 32 02 20
  22115 2017 12 30 13 09 23 25
  22119 2017 12 31 12 49 02 57
  22124 2018 01 01 08 42 04 13
  22128 2018 01 01 13 16 05 04
  22129 2018 01 01 19 52 14 37
  22134 2018 01 02 10 48 23 18
  22140 2018 01 03 10 33 19 56
  22141 2018 01 04 08 59 01 20
  22155 2018 01 04 11 21 22 52
  22159 2018 01 05 10 30 03 27
  22160 2018 01 05 13 58 24 30
  22164 2018 01 06 14 43 17 29
  22171 2018 01 07 17 21 15 34
  22172 2018 01 08 08 56 00 38
  22176 2018 01 08 09 50 22 55
  22180 2018 01 09 09 10 05 56
  22181 2018 01 10 00 20 09 03
  22185 2018 01 10 10 41 04 49
  22186 2018 01 10 16 07 20 50
  22193 2018 01 11 13 33 23 31
  22197 2018 01 12 13 24 19 33
  22206 2018 01 13 09 14 13 47
  22207 2018 01 13 23 01 08 07
  22212 2018 01 14 09 06 23 41
  22252 2018 01 15 14 29 19 20
  22260 2018 01 16 10 11 03 11
  22261 2018 01 16 13 23 02 38
  22267 2018 01 16 19 10 14 12
  22273 2018 01 17 09 40 23 23
  22279 2018 01 18 09 48 26 43
  22358 2018 01 26 10 06 18 53
  22362 2018 01 27 12 33 18 57
  22368 2018 01 28 08 24 03 23
  22369 2018 01 28 11 49 08 24
  22370 2018 01 28 21 15 11 43
  22378 2018 01 29 12 11 02 21
  22379 2018 01 29 14 57 17 27
  22381 2018 01 30 13 01 02 08
  22382 2018 01 30 17 27 02 14
  22386 2018 01 30 20 02 10 55
  22390 2018 01 31 09 08 10 00
  22391 2018 01 31 19 08 15 19