24327 5
24333 0
24334 2
24336 4
24343 4
24348 1
24360 5
24365 1
24366 1
24371 1
24376 2
24381 0
24382 0
24388 0
24389 4
24394 0
24395 5
24400 0
24418 0
24419 0
24424 0
24429 1
24430 0
24435 1
24436 1
24441 0
24442 0
24443 1
24449 0
24450 0
24452 0
24454 8
24459 0
24460 181
24461 89
24466 42
24467 319
24468 316
24481 81
24482 27
24484 432
24485 181
24493 7
24495 11
24515 7
24516 5
24517 38
24523 2
24536 24
24537 0
24541 2
24576 12
24581 30
24582 7
24588 49
24592 0
24593 114
24594 3
24595 3
24596 7
24597 2
24653 46
24654 7
24656 83
24657 54
24658 27
24663 34
24664 9
24665 118
24670 156
24671 11
24672 10
24677 122
24678 19
24679 74
24720 0
24831 5
24832 0
24833 12
24839 29
24840 3
24841 24
24842 14
24843 30
24844 12
24845 84
24850 10
24851 117
24852 36
24853 36
24858 60
24859 28
24860 2
24861 135
24866 91
24867 51
24868 26
24869 53
24870 1
24871 1
24872 4
24873 7
24874 13
24880 4
24881 1
24882 1
24889 2
24891 1
24892 359
24898 74
24899 136
24904 49
24905 1
24906 0
24913 1
24914 3
24916 9
24917 13
24918 1
24925 18
24931 5
24932 12
24934 1
24939 10
24944 10
24953 5
24961 2
24966 0
24970 3
24971 0
24976 6
24981 0
24982 1
24984 1
24985 5
24991 0
24993 1
24994 0
24995 0
24996 0
24998 0
25004 0
25009 4
25010 0
25011 0
25016 0
25017 7
25023 4
25029 5
25034 3
25039 2
25044 2
25045 1
25050 2
25051 0
25056 3
25057 3
25113 0
