27181 2019 1 14 19 10 9 11 
27174 2019 1 14 10 02 5 8 
27169 2019 1 13 10 04 23 41 
27168 2019 1 13 08 58 1 6 
27163 2019 1 12 15 24 17 19 
27162 2019 1 12 08 30 6 53 
27161 2019 1 11 15 45 16 44 
27160 2019 1 11 09 28 5 11 
27155 2019 1 10 09 19 23 55 
27150 2019 1 9 16 23 16 39 
27145 2019 1 8 10 50 29 18 
25331 2018 11 7 15 17 10 57 
25329 2018 11 7 13 49 1 27 
25324 2018 11 6 14 08 23 17 
25323 2018 11 6 11 02 3 6 
25322 2018 11 6 09 42 1 19 
25317 2018 11 5 10 00 23 26 
25311 2018 11 4 10 04 23 41 
25298 2018 11 3 20 56 12 27 
25288 2018 11 3 10 54 3 51 
25287 2018 11 3 08 52 2 0
25280 2018 11 2 09 47 22 7 
25267 2018 11 1 18 35 14 7 
25219 2018 11 1 14 20 3 45 
25218 2018 11 1 12 58 1 18 
25213 2018 11 1 11 34 1 6 
25155 2018 11 1 04 34 4 7 
25154 2018 10 31 22 16 6 18 
25153 2018 10 31 20 01 2 12 
25151 2018 10 31 18 15 1 39 
25150 2018 10 31 16 34 1 40 
25149 2018 10 31 15 06 1 28 
25148 2018 10 31 13 30 1 35 
25141 2018 10 31 09 57 2 32 
25057 2018 10 29 23 11 8 40  
25056 2018 10 29 10 24 12 22 
25051 2018 10 29 09 02 1 6  
25050 2018 10 28 09 28 23 32 
25045 2018 10 27 21 52 11 21 
25044 2018 10 27 10 14 11 36 
25039 2018 10 26 09 03 24 55 
25034 2018 10 25 08 55 23 52 
25029 2018 10 24 09 12 23 28 
25023 2018 10 23 10 08 22 34 
25017 2018 10 22 11 05 22 44 
25016 2018 10 22 09 54 1 10  
25009 2018 10 21 23 06 9 12  
25004 2018 10 21 18 09 4 41  
24995 2018 10 21 11 07 3 23  
24994 2018 10 21 09 02 1 21  
24993 2018 10 20 13 36 19 25 
24991 2018 10 20 09 11 4 24  
24985 2018 10 19 23 12 9 39  
24984 2018 10 19 15 10 8 2  
24982 2018 10 19 12 49 2 2  
24981 2018 10 19 09 07 3 40  
24976 2018 10 18 17 52     15 0
24971 2018 10 18 12 44 4 53  
24970 2018 10 18 05 09 7 34  
24968 2018 10 17 12 47 16 20 
24966 2018 10 17 09 39 3 1  
24961 2018 10 16 19 14 14 5  
24953 2018 10 16 09 07 9 37  
24944 2018 10 15 09 57 22 41 
24939 2018 10 14 10 08 23 21 
24932 2018 10 13 19 06 13 45 
24931 2018 10 13 09 47 9 18  
24925 2018 10 12 09 15 24 10 
24918 2018 10 12 06 25 2 18  
24917 2018 10 11 18 03 12 21 
24916 2018 10 11 11 59 6 4  
24904 2018 10 10 09 20 23 22 
24899 2018 10 9 16 22 16 43 
24898 2018 10 9 10 45 5 36 
24892 2018 10 8 22 00 12 10 
24891 2018 10 8 17 30 4 27 
24889 2018 10 8 10 04 7 8 
24882 2018 10 7 21 32 12 12 
24880 2018 10 7 18 40 1 55 
24874 2018 10 7 13 19 5 3 
24873 2018 10 7 10 38 2 41 
24872 2018 10 7 09 26 1 11 
24869 2018 10 7 03 13 5 35 
24868 2018 10 7 01 36 1 37 
24867 2018 10 6 20 37 4 58 
24866 2018 10 6 09 47 10 49 
24861 2018 10 5 19 17 14 15 
24859 2018 10 5 14 51 3 49 
24858 2018 10 5 08 47 6 4 
24853 2018 10 5 04 50 3 42 
24852 2018 10 5 02 03 2 46 
24851 2018 10 4 13 49 12 14 
24850 2018 10 4 12 43 1 5 
24845 2018 10 4 05 15 7 11 
24844 2018 10 4 03 57 1 18 
24843 2018   10 3 23 55      4 1
24842 2018 10 3 22 45 1 10 
24841 2018 10 3 20 12 2 32 
24839 2018 10 3 16 50 2 58 
24833 2018 10 3 15 04 1 27 
24679 2018 10 3 02 22 9 11 
24678 2018 10 3 00 30 1 51 
24677 2018 10 2 11 20 13 9 
24672 2018 10 2 09 49 1 16 
24671 2018 10 2 07 18 2 30 
24670 2018 10 1 10 29 20 48 
24665 2018 9 30 19 07 15 7 
24663 2018 9 30 13 15 4 55 
24658 2018 9 30 10 26 2 35 
24657 2018 9 30 03 30 6 55 
24656 2018 9 29 17 31 9 58 
24653 2018 9 29 11 58 4 33 
24593 2018 9 28 17 48 13 32 
24588 2018 9 28 09 49 6 26 
24582 2018 9 28 07 36 1 55 
24581 2018 9 28 00 31 7 5 
24576 2018 9 27 20 35 3 37 
24574 2018   9 27 17 54      2 1 
24565 2018 9 27 06 11 8 46 
24564 2018 9 26 20 22 9 49 
24563 2018 9 26 17 55 2 7 
24556 2018 9 26 14 06 2 2 
24555 2018 9 26 12 38 1 25 
24554 2018   9 26 11 38      1 0
24548 2018 9 25 11 42 21 33 
24541 2018 9 25 08 48 2 18 
24537 2018 9 25 07 07 1 28 
24536 2018 9 24 09 30 21 36 
24524 2018 9 23 10 23 22 29 
24517 2018 9 22 17 33 15 36 
24516 2018 9 22 13 54 3 35 
24515 2018 9 22 09 09 4 45 
24508 2018 9 22 07 31 1 8 
24507 2018 9 21 17 55 13 35 
24497 2018 9 21 13 48 3 11 
24495 2018 9 21 12 16 1 17 
24485 2018 9 20 23 40 10 39 
24484 2018 9 20 13 29 10 10 
24468 2018 9 20 03 59 4 33 
24467 2018 9 19 22 59 5 0
24461 2018 9 19 19 00 2 4 
24460 2018 9 19 09 19 9 41 
24454 2018 9 18 16 58 15 27 
24452 2018 9 18 13 45 2 43 
24449 2018 9 18 09 07 2 30 
24443 2018 9 17 13 46 18 54 
24442 2018 9 17 09 30 4 15 
24436 2018 9 16 20 20 12 22 
24435 2018 9 16 08 45 11 31 
24430 2018 9 16 07 14 1 15 
24429 2018 9 15 08 48 22 16 
24424 2018 9 14 15 29 16 59 
24418 2018 9 14 10 02 1 25 
24395 2018 9 13 16 37 15 54 
24394 2018 9 13 08 50 7 45 
24389 2018 9 12 19 42 12 52 
24388 2018 9 12 09 10 10 31 
24383 2018 9 12 07 21 1 27 
24382 2018 9 11 16 12 15 5 
24381 2018 9 11 09 09 7 2 
24376 2018 9 10 09 17 23 33 
24371 2018 9 9 08 43 24 11  
24366 2018 9 8 19 40 12 47  
24365 2018 9 8 14 46 4 54  
24360 2018 9 7 09 55 28 12  
24348 2018 9 6 08 53 24 19  
24343 2018 9 5 09 05 23 33  
24336 2018 9 4 21 10 11 36  
24334 2018 9 4 12 55 8 12  
24333 2018 9 4 09 03 3 51  
24327 2018 9 3 15 30 16 59  
24326 2018 9 3 13 12 2 18  
24325 2018 9 3 10 30 2 41  
24313 2018 9 2 21 06 11 58  
24309 2018 9 2 18 50 1 18  
24305 2018 9 2 17 04 1 30  
24235 2018 9 2 10 02 5 29  
24232 2018 9 2 03 43 4 50  
24231 2018 9 2 00 05 3 38  
24220 2018 9 1 11 31 10 7  
24199 2018 9 1 00 26 8 13  
24197 2018 8 31 20 14 3 37 
24190 2018 8 31 16 31 2 48 
24188 2018 8 31 09 07 7 12 
24183 2018 8 30 22 39 10 0
24179 2018 8 30 20 14 1 38 
24176 2018 8 30 17 30 1 10 
24160 2018 8 30 12 14 2 35 
24159 2018 8 30 10 00 2 12 
24137 2018 8 30 01 40 7 23 
24136 2018 8 29 23 11 2 28 
24129 2018 8 29 10 33 11 40 
24119 2018 8 28 22 24 10 16 
24112 2018 8 28 17 47 3 46 
24078 2018 8 28 10 00 4 18 
24072 2018 8 27 16 39 15 55 
24071 2018 8 27 08 46 7 51 
24066 2018 8 26 08 49 23 40 
24061 2018 8 25 09 52 22 42 
24056 2018 8 24 08 37 24 3 
24051 2018 8 23 08 50 23 33 
24046 2018 8 22 22 56 9 37 
24045 2018 8 22 08 47 14 8 
24040 2018 8 21 15 27 17 6 
24038 2018 8 21 09 36 5 30 
24031 2018 8 20 10 58 21 34 
24030 2018 8 20 09 03 1 54 
23998 2018 8 19 11 22 21 7 
23997 2018 8 19 09 09 2 12 
23992 2018 8 18 09 04 23 30 
23984 2018 8 18 00 45 7 16 
23958 2018 8 17 21 14 1 51 
23957 2018 8 17 12 52 8 21 
23956 2018 8 17 09 22 3 26 
23951 2018 8 16 09 40 22 52 
23945 2018 8 15 15 29 16 31 
23944 2018 8 15 11 44 3 44 
23888 2018 8 14 17 13 15 14 
23876 2018 8 13 16 31 15 57 
23869 2018 8 13 10 49 2 7 
23858 2018 8 12 23 48 9 12 
23806 2018 8 12 17 22 1 6 
23805 2018 8 12 15 30 1 51 
23804 2018 8 12 09 30 5 55 
23796 2018 8 11 13 58 18 43 
23794 2018 8 11 11 14 2 3 
23791 2018 8 11 09 03 1 26 
23786 2018 8 10 16 04 16 26 
23785 2018 8 10 09 51 6 12 
23777 2018 8 9 17 05 15 4
23776 2018 8 9 15 24 1 41
23774 2018 8 9 13 08 1 33
23772 2018 8 9 10 11 2 42
23763 2018 8 8 22 34 10 8
23762 2018 8 8 11 26 11 7
23761 2018 8 8 10 26 1 0
23759 2018 8 8 08 45 1 35
21621 2017 11 01 09 57 25 19
21627 2017 11 02 14 32 22 18
21633 2017 11 03 13 09 19 21
21634 2017 11 04 08 31 04 07
21638 2017 11 04 12 53 07 50
21641 2017 11 05 10 28 02 06
21647 2017 11 05 12 52 23 45
21652 2017 11 06 12 53 22 24
21657 2017 11 07 11 33 22 15
21658 2017 11 08 11 24 01 12
21670 2017 11 08 17 22 15 07
21677 2017 11 09 09 47 09 03
21717 2017 11 10 01 34 27 43
21723 2017 11 11 17 02 19 42
21730 2017 11 12 13 14 01 26
21732 2017 11 12 14 48 22 02
21736 2017 11 13 13 20 15 17
21738 2017 11 14 10 38 02 05
21742 2017 11 14 13 08 24 04
21748 2017 11 15 14 27 22 52
21754 2017 11 16 13 38 13 00
21755 2017 11 17 09 27 01 43
21761 2017 11 17 11 26 25 36
21765 2017 11 18 13 20 23 29
21770 2017 11 19 13 21 15 08
21774 2017 11 20 08 29 02 17
21778 2017 11 20 11 01 23 56
21779 2017 11 21 11 00 01 07
21783 2017 11 21 12 25 20 59
21788 2017 11 22 09 43 15 53
21789 2017 11 23 01 37 11 08
21795 2017 11 23 13 05 23 39
21799 2017 11 24 12 59 21 25
21803 2017 11 25 10 42 00 24
21804 2017 11 25 11 07 23 14
21808 2017 11 26 10 38 00 26
21814 2017 11 26 11 15 22 53
21818 2017 11 27 10 24 24 22
21822 2017 11 28 11 03 14 23
21850 2017 11 29 10 09 22 24
21863 2017 11 30 10 49 00 53
21867 2017 11 30 11 48 21 01
21871 2017 12 01 09 13 03 42
21873 2017 12 01 12 56 09 23
21876 2017 12 01 22 41 09 53
21893 2017 12 02 10 51 00 26
21894 2017 12 02 11 18 01 57
21895 2017 12 02 13 16 01 24
21896 2017 12 02 14 41 01 21
21897 2017 12 02 17 29 02 38
21898 2017 12 02 20 08 13 03
21903 2017 12 03 09 28 00 46
21904 2017 12 03 10 15 03 57
21910 2017 12 03 17 44 16 36
21918 2017 12 04 11 44 21 40
21926 2017 12 05 09 41 03 55
21928 2017 12 05 13 37 19 13
21933 2017 12 06 09 14 23 48
21938 2017 12 07 09 19 23 10
21943 2017 12 08 08 46 07 17
21944 2017 12 08 16 03 16 08
21950 2017 12 09 08 28 01 24
21956 2017 12 09 10 36 03 04
21957 2017 12 09 13 40 23 10
21961 2017 12 10 13 14 26 17
21965 2017 12 11 16 09 04 24
21967 2017 12 11 21 27 11 29
21969 2017 12 12 08 57 00 24
21982 2017 12 12 10 21 04 27
21983 2017 12 12 14 48 21 52
21987 2017 12 13 12 56 23 55
22024 2017 12 14 15 39 05 57
22025 2017 12 14 21 37 11 05
22031 2017 12 15 09 25 27 10
22036 2017 12 16 12 52 19 40
22040 2017 12 17 08 53 19 36
22048 2017 12 18 10 14 02 54
22052 2017 12 18 13 29 23 24
22057 2017 12 19 13 10 23 38
22063 2017 12 20 13 03 23 42
22068 2017 12 21 13 13 00 39
22070 2017 12 21 13 54 06 47
22071 2017 12 21 20 42 16 11
22075 2017 12 22 13 08 20 32
22079 2017 12 23 10 07 22 46
22084 2017 12 24 09 09 24 37
22085 2017 12 25 09 46 03 43
22089 2017 12 25 13 50 22 49
22095 2017 12 26 13 56 22 05
22099 2017 12 27 13 02 23 31
22103 2017 12 28 12 51 04 40
22105 2017 12 28 17 32 19 26
22110 2017 12 29 13 14 16 14
22111 2017 12 30 10 32 02 20
22115 2017 12 30 13 09 23 25
22119 2017 12 31 12 49 02 57
22124 2018 01 01 08 42 04 13
22128 2018 01 01 13 16 05 04
22129 2018 01 01 19 52 14 37
22134 2018 01 02 10 48 23 18
22140 2018 01 03 10 33 19 56
22141 2018 01 04 08 59 01 20
22155 2018 01 04 11 21 22 52
22159 2018 01 05 10 30 03 27
22160 2018 01 05 13 58 24 30
22164 2018 01 06 14 43 17 29
22171 2018 01 07 17 21 15 34
22172 2018 01 08 08 56 00 38
22176 2018 01 08 09 50 22 55
22180 2018 01 09 09 10 05 56
22181 2018 01 10 00 20 09 03
22185 2018 01 10 10 41 04 49
22186 2018 01 10 16 07 20 50
22193 2018 01 11 13 33 23 31
22197 2018 01 12 13 24 19 33
22206 2018 01 13 09 14 13 47
22207 2018 01 13 23 01 08 07
22212 2018 01 14 09 06 23 41
22252 2018 01 15 14 29 19 20
22260 2018 01 16 10 11 03 11
22261 2018 01 16 13 23 02 38
22267 2018 01 16 19 10 14 12
22273 2018 01 17 09 40 23 23
22279 2018 01 18 09 48 26 43
22358 2018 01 26 10 06 18 53
22362 2018 01 27 12 33 18 57
22368 2018 01 28 08 24 03 23
22369 2018 01 28 11 49 08 24
22370 2018 01 28 21 15 11 43
22378 2018 01 29 12 11 02 21
22379 2018 01 29 14 57 17 27
22381 2018 01 30 13 01 02 08
22382 2018 01 30 17 27 02 14
22386 2018 01 30 20 02 10 55
22390 2018 01 31 09 08 10 00
22391 2018 01 31 19 08 15 