24327 7
24333 1
24334 2
24336 2
24343 7
24348 11
24360 14
24365 110
24366 234
24371 488
24376 526
24381 149
24382 302
24388 7
24389 8
24394 1
24395 8
24400 0
24418 1
24419 0
24424 356
24429 472
24430 25
24435 276
24436 264
24441 7
24442 91
24443 387
24449 69
24450 19
24452 67
24454 305
24459 0
24460 24
24461 11
24466 3
24467 18
24468 18
24481 1
24482 0
24484 214
24485 214
24493 7
24495 26
24515 65
24516 37
24517 218
24523 18
24536 402
24537 17
24541 36
24576 150
24581 213
24582 51
24588 220
24592 9
24593 447
24594 7
24595 7
24596 23
24597 22
24653 164
24654 21
24656 304
24657 235
24658 70
24663 134
24664 26
24665 419
24670 638
24671 66
24672 34
24677 372
24678 52
24679 304
24720 8
24831 6
24832 6
24833 51
24839 88
24840 16
24841 68
24842 26
24843 122
24844 39
24845 181
24850 27
24851 324
24852 64
24853 101
24858 170
24859 110
24860 16
24861 352
24866 286
24867 120
24868 36
24869 169
24870 8
24871 14
24872 9
24873 16
24874 30
24880 4
24881 6
24882 27
24889 6
24891 5
24892 10
24898 2
24899 16
24904 6
24905 19
24906 8
24913 0
24914 5
24916 133
24917 278
24918 52
24925 610
24931 213
24932 379
24934 0
24939 9
24944 491
24953 218
24961 331
24966 59
24970 203
24971 5
24976 10
24981 2
24982 62
24984 174
24985 252
24991 116
24993 440
24994 29
24995 78
24996 4
24998 0
25004 124
25009 236
25010 23
25011 8
25016 0
25017 13
25023 521
25029 510
25034 537
25039 7
25044 282
25045 254
25050 541
25051 27
25056 287
25057 205
25113 13
