25331
25329
25324
25323
25322
25317
25311
25298
25288
25287
25280
25267
25219
25218
25213
25155
25154
25153
25151
25150
25149
25148
25141
25057
25056
25051
25050
25045
25044
25039
25034
25029
25023
25017
25016
25009
25004
24995
24994
24993
24991
24985
24984
24982
24981
24976
24971
24970
24968
24966
24961
24953
24944
24939
24932
24931
24925
24918
24917
24916
24904
24899
24898
24892
24891
24889
24882
24880
24874
24873
24872
24869
24868
24867
24866
24861
24859
24858
24853
24852
24851
24850
24845
24844
24843
24842
24841
24839
24833
24679
24678
24677
24672
24671
24670
24665
24663
24658
24657
24656
24653
24593
24588
24582
24581
24576
24574
24565
24564
24563
24556
24555
24554
24548
24541
24537
24536
24524
24517
24516
24515
24508
24507
24497
24495
24485
24484
24468
24467
24461
24460
24454
24452
24449
24443
24442
24436
24435
24430
24429
24424
24418
24395
24394
24389
24388
24383
24382
24381
24376
24371
24366
24365
24360
24348
24343
24336
24334
24333
24327
24326
24325
24313
24309
24305
24235
24232
24231
24220
24199
24197
24190
24188
24183
24179
24176
24160
24159
24137
24136
24129
24119
24112
24078
24072
24071
24066
24061
24056
24051
24046
24045
24040
24038
24031
24030
23998
23997
23992
23984
23958
23957
23956
23951
23945
23944
23888
23876
23869
23858
23806
23805
23804
23796
23794
23791
23786
23785
23777
23776
23774
23772
23763
23762
23761
23759