24327 2018 09 03 15 30 59 16 59 12
24333 2018 09 04 09 03 51 03 51 09
24334 2018 09 04 12 55 39 08 12 59
24336 2018 09 04 21 10 12 11 36 39
24343 2018 09 05 09 05 30 23 33 14
24348 2018 09 06 08 53 28 24 19 59
24360 2018 09 07 09 55 10 28 12 30
24365 2018 09 08 14 46 09 02 22 59
24366 2018 09 08 19 40 50 10 43 59
24371 2018 09 09 08 43 24 24 11 40
24376 2018 09 10 09 17 49 23 33 11
24381 2018 09 11 09 09 33 07 02 31
24382 2018 09 11 16 12 23 15 05 59
24388 2018 09 12 09 10 40 10 31 28
24389 2018 09 12 19 42 34 12 52 00
24394 2018 09 13 08 50 53 07 45 09
24395 2018 09 13 16 37 10 15 54 57
24400 2018 09 14 08 47 13 00 52 35
24418 2018 09 14 10 35 26 00 53 02
24419 2018 09 14 11 28 46 00 36 10
24424 2018 09 14 16 35 55 15 52 30
24429 2018 09 15 08 48 45 22 16 28
24430 2018 09 16 07 14 54 01 15 14
24435 2018 09 16 08 45 32 11 31 46
24436 2018 09 16 20 20 33 12 22 46
24441 2018 09 17 09 08 00 00 21 55
24442 2018 09 17 09 30 27 04 15 25
24443 2018 09 17 13 46 19 18 54 42
24449 2018 09 18 09 07 52 02 30 11
24450 2018 09 18 12 24 35 00 51 28
24452 2018 09 18 13 45 05 02 43 10
24454 2018 09 18 16 58 25 15 27 05
24459 2018 09 19 08 43 03 00 30 37
24460 2018 09 19 09 19 00 09 41 22
24461 2018 09 19 19 00 40 02 04 09
24466 2018 09 19 22 05 46 00 52 43
24467 2018 09 19 22 59 14 05 00 00
24468 2018 09 20 03 59 33 04 33 15
24481 2018 09 20 11 56 41 00 57 47
24482 2018 09 20 12 57 32 00 21 55
24484 2018 09 20 13 29 40 10 10 19
24485 2018 09 20 23 40 17 10 39 19
24493 2018 09 21 10 43 29 00 36 24
24495 2018 09 21 12 16 22 01 17 04
24515 2018 09 22 09 09 03 04 45 19
24516 2018 09 22 14 55 54 01 50 25
24517 2018 09 22 17 33 08 15 36 27
24523 2018 09 23 09 29 01 00 49 11
24536 2018 09 24 09 30 46 21 36 40
24537 2018 09 25 07 07 46 01 28 47
24541 2018 09 25 08 48 29 02 18 20
24576 2018 09 27 20 35 38 03 37 25
24581 2018 09 28 00 31 03 07 05 33
24582 2018 09 28 07 36 54 01 55 52
24588 2018 09 28 11 08 17 05 07 23
24592 2018 09 28 17 34 57 00 13 00
24593 2018 09 28 17 48 14 13 32 48
24594 2018 09 29 07 21 21 00 11 11
24595 2018 09 29 07 32 49 00 12 00
24596 2018 09 29 07 45 06 00 35 45
24597 2018 09 29 08 22 37 00 38 17
24653 2018 09 29 11 58 02 04 33 53
24654 2018 09 29 16 32 12 00 46 07
24656 2018 09 29 17 31 24 09 57 16
24657 2018 09 30 03 30 16 06 55 34
24658 2018 09 30 10 26 08 02 34 48
24663 2018 09 30 13 15 21 04 55 12
24664 2018 09 30 18 10 54 00 56 01
24665 2018 09 30 19 07 12 15 07 18
24670 2018 10 01 10 29 40 20 48 55
24671 2018 10 02 07 18 54 02 30 16
24672 2018 10 02 09 49 28 01 16 46
24677 2018 10 02 11 20 41 13 08 04
24678 2018 10 03 00 30 44 01 51 33
24679 2018 10 03 02 22 34 09 10 54
24720 2018 10 03 11 55 40 00 14 20
24831 2018 10 03 13 44 31 00 24 51
24832 2018 10 03 14 09 40 00 13 33
24833 2018 10 03 15 04 38 01 27 39
24839 2018 10 03 16 50 27 02 58 32
24840 2018 10 03 19 49 16 00 22 31
24841 2018 10 03 20 12 03 02 32 40
24842 2018 10 03 22 45 00 01 10 30
24843 2018 10 03 23 55 50 04 00 56
24844 2018 10 04 03 57 04 01 18 06
24845 2018 10 04 05 15 28 07 11 03
24850 2018 10 04 12 43 12 01 05 49
24851 2018 10 04 13 49 18 12 14 09
24852 2018 10 05 02 03 46 02 46 27
24853 2018 10 05 04 50 31 03 42 07
24858 2018 10 05 08 47 01 06 04 28
24859 2018 10 05 14 51 52 03 49 05
24860 2018 10 05 18 41 15 00 35 56
24861 2018 10 05 19 17 28 14 15 24
24866 2018 10 06 09 47 25 10 49 37
24867 2018 10 06 20 37 20 04 58 41
24868 2018 10 07 01 36 19 01 37 17
24869 2018 10 07 03 13 54 05 35 30
24870 2018 10 07 08 49 42 00 07 36
24871 2018 10 07 08 57 35 00 28 13
24872 2018 10 07 09 26 11 01 11 58
24873 2018 10 07 10 38 25 02 41 02
24874 2018 10 07 13 19 44 05 03 09
24880 2018 10 07 18 40 50 01 55 24
24881 2018 10 07 20 36 31 00 55 47
24882 2018 10 07 21 32 35 12 12 55
24889 2018 10 08 10 04 49 07 08 09
24891 2018 10 08 17 30 29 04 27 07
24892 2018 10 08 22 00 42 12 10 54
24898 2018 10 09 10 45 29 05 36 18
24899 2018 10 09 16 22 04 16 43 15
24904 2018 10 10 09 20 27 23 22 51
24905 2018 10 11 08 47 44 00 49 10
24906 2018 10 11 09 47 28 00 21 34
24913 2018 10 11 10 30 14 00 30 07
24914 2018 10 11 11 20 43 00 30 01
24916 2018 10 11 11 59 17 06 04 11
24917 2018 10 11 18 03 46 12 21 21
24918 2018 10 12 06 25 25 02 18 31
24925 2018 10 12 09 15 10 24 10 25
24931 2018 10 13 09 47 11 09 18 59
24932 2018 10 13 19 06 28 13 45 43
24934 2018 10 14 09 08 04 00 45 38
24939 2018 10 14 10 08 09 23 21 41
24944 2018 10 15 09 57 02 22 41 02
24953 2018 10 16 09 07 39 09 37 22
24961 2018 10 16 19 14 40 14 05 04
24966 2018 10 17 09 39 52 03 01 51
24970 2018 10 18 05 09 15 07 34 34
24971 2018 10 18 12 44 56 04 53 09
24976 2018 10 18 17 52 49 15 00 05
24981 2018 10 19 09 07 05 03 40 12
24982 2018 10 19 12 49 39 02 02 18
24984 2018 10 19 15 10 16 08 02 13
24985 2018 10 19 23 12 47 09 39 08
24991 2018 10 20 09 11 08 04 24 34
24993 2018 10 20 13 36 29 19 25 44
24994 2018 10 21 09 02 32 01 21 07
24995 2018 10 21 11 07 29 03 23 13
24996 2018 10 21 14 48 59 00 22 04
24998 2018 10 21 15 34 23 00 34 46
25004 2018 10 21 18 09 54 04 41 24
25009 2018 10 21 23 06 44 09 12 14
25010 2018 10 22 08 19 17 00 40 46
25011 2018 10 22 09 01 03 00 35 23
25016 2018 10 22 09 54 38 01 10 38
25017 2018 10 22 11 05 45 22 44 23
25023 2018 10 23 10 08 07 22 34 56
25029 2018 10 24 09 12 02 23 28 48
25034 2018 10 25 08 55 45 23 52 30
25039 2018 10 26 09 03 13 24 55 55
25044 2018 10 27 10 14 29 11 36 46
25045 2018 10 27 21 52 06 11 21 18
25050 2018 10 28 09 28 15 23 32 37
25051 2018 10 29 09 02 21 01 06 53
25056 2018 10 29 10 24 27 12 22 44
25057 2018 10 29 23 11 22 08 40 51
25113 2018 10 30 08 22 59 00 33 01
