      285.25   -70.58107
       244.5 -141.162141
      203.75 -211.743211
      285.25    70.58107
       244.5           0
      203.75   -70.58107
         163 -141.162141
      122.25 -211.743211
        81.5 -282.324282
       244.5  141.162141
      203.75    70.58107
         163           0
      122.25   -70.58107
        81.5 -141.162141
       40.75 -211.743211
           0 -282.324282
      203.75  211.743211
         163  141.162141
      122.25    70.58107
        81.5           0
       40.75   -70.58107
           0 -141.162141
      -40.75 -211.743211
       -81.5 -282.324282
     -203.75  211.743211
      -244.5  141.162141
     -285.25    70.58107
       -81.5  282.324282
     -122.25  211.743211
        -163  141.162141
     -203.75    70.58107
      -244.5           0
     -285.25   -70.58107
           0  282.324282
      -40.75  211.743211
       -81.5  141.162141
     -122.25    70.58107
        -163           0
     -203.75   -70.58107
      -244.5 -141.162141
        81.5  282.324282
       40.75  211.743211
           0  141.162141
      -40.75    70.58107
       -81.5           0
     -122.25   -70.58107
        -163 -141.162141
     -203.75 -211.743211
      122.25  211.743211
        81.5  141.162141
       40.75    70.58107
           0           0
      -40.75   -70.58107
       -81.5 -141.162141
     -122.25 -211.743211
      203.75  211.743211
       244.5  141.162141
      285.25    70.58107
        81.5  282.324282
      122.25  211.743211
         163  141.162141
      203.75    70.58107
       244.5           0
      285.25   -70.58107
           0  282.324282
       40.75  211.743211
        81.5  141.162141
      122.25    70.58107
         163           0
      203.75   -70.58107
       244.5 -141.162141
       -81.5  282.324282
      -40.75  211.743211
           0  141.162141
       40.75    70.58107
        81.5           0
      122.25   -70.58107
         163 -141.162141
      203.75 -211.743211
     -203.75 -211.743211
      -244.5 -141.162141
     -285.25   -70.58107
       -81.5 -282.324282
     -122.25 -211.743211
        -163 -141.162141
     -203.75   -70.58107
      -244.5           0
     -285.25    70.58107
           0 -282.324282
      -40.75 -211.743211
       -81.5 -141.162141
     -122.25   -70.58107
        -163           0
     -203.75    70.58107
      -244.5  141.162141
        81.5 -282.324282
       40.75 -211.743211
           0 -141.162141
      -40.75   -70.58107
       -81.5           0
     -122.25    70.58107
        -163  141.162141
     -203.75  211.743211
     -122.25  211.743211
       -81.5  141.162141
      -40.75    70.58107
           0           0
       40.75   -70.58107
        81.5 -141.162141
      122.25 -211.743211
