1 10200
2 10201
3 10202
4 10203
5 10204
6 10205
7 10206
8 10207
9 10300
10 10301
11 10302
12 10303
13 10304
14 10305
15 10306
16 10307
17 10400
18 10401
19 10402
20 10403
21 10404
22 10405
23 10406
24 10407
25 10500
26 10501
27 10502
28 10503
29 10504
30 10505
31 10506
32 10507
33 10600
34 10601
35 10602
36 10603
37 10604
38 10605
39 10606
40 10607
41 10700
42 10701
43 10702
44 10703
45 10704
46 10705
47 10706
48 10707
49 10800
50 10801
51 10802
52 10803
53 10804
54 10805
55 10806
56 10900
57 10901
58 10902
59 10903
60 10904
61 10905
62 10906
63 10907
64 11000
65 11001
66 11002
67 11003
68 11004
69 11005
70 11006
71 11007
72 11100
73 11101
74 11102
75 11103
76 11104
77 11105
78 11106
79 11107
80 11200
81 11201
82 11202
83 11203
84 11204
85 11205
86 11206
87 11207
88 11300
89 11301
90 11302
91 11303
92 11304
93 11305
94 11306
95 11307
96 11400
97 11401
98 11402
99 11403
100 11404
101 11405
102 11406
103 11407
104 11500
105 11501
106 11502
107 11503
108 11504
109 11505
110 11506
