
Processing plotevolution_ba212.C("lst_files/2018_physical_lists/2018_Kr_Rn_short.txt")...
total count: 4973 
total duration: 7826820.000000 sec 
radioactivity: 0.000635 Bq 
1 1515944670.000000 1.000000 16530.000000 0.000030
2 1515904740.000000 3.000000 9240.000000 0.000094
3 1515852810.000000 1.000000 42630.000000 0.000012
4 1515803640.000000 0.000000 1980.000000 0.000000
5 1515772590.000000 2.000000 31170.000000 0.000023
6 1515727950.000000 0.000000 12390.000000 0.000000
7 1515685080.000000 1.000000 30120.000000 0.000017
8 1515642030.000000 0.000000 9330.000000 0.000000
9 1515590430.000000 4.000000 43050.000000 0.000023
10 1515515730.000000 2.000000 29970.000000 0.000024
11 1515431280.000000 2.000000 52740.000000 0.000013
12 1541594310.000000 3.000000 19710.000000 0.000044
13 1541569470.000000 0.000000 2610.000000 0.000000
14 1541527290.000000 0.000000 41910.000000 0.000000
15 1541478960.000000 0.000000 5580.000000 0.000000
16 1541468430.000000 0.000000 2370.000000 0.000000
17 1541426760.000000 2.000000 42180.000000 0.000017
18 1541340810.000000 5.000000 42630.000000 0.000026
19 1541269530.000000 3.000000 22410.000000 0.000039
20 1541217510.000000 0.000000 6930.000000 0.000000
21 1541206920.000000 0.000000 3600.000000 0.000000
22 1541161530.000000 2.000000 39810.000000 0.000018
23 1541092650.000000 2.000000 25410.000000 0.000028
24 1541058930.000000 0.000000 6750.000000 0.000000
25 1541047200.000000 0.000000 2340.000000 0.000000
26 1541043240.000000 0.000000 1980.000000 0.000000
27 1541023650.000000 0.000000 7410.000000 0.000000
28 1541006100.000000 0.000000 11340.000000 0.000000
29 1540991280.000000 0.000000 3960.000000 0.000000
30 1540983030.000000 0.000000 2970.000000 0.000000
31 1540975860.000000 0.000000 3000.000000 0.000000
32 1540971900.000000 0.000000 2640.000000 0.000000
33 1540964910.000000 0.000000 2850.000000 0.000000
34 1540952280.000000 0.000000 4560.000000 0.000000
35 1540841280.000000 3.000000 15600.000000 0.000056
36 1540801380.000000 3.000000 22260.000000 0.000039
37 1540776840.000000 0.000000 1980.000000 0.000000
38 1540732140.000000 2.000000 42360.000000 0.000017
39 1540666290.000000 1.000000 20430.000000 0.000024
40 1540627140.000000 2.000000 20880.000000 0.000034
41 1540561890.000000 2.000000 44850.000000 0.000016
42 1540469940.000000 3.000000 42960.000000 0.000020
43 1540386420.000000 5.000000 42240.000000 0.000026
44 1540301940.000000 4.000000 40620.000000 0.000025
45 1540219440.000000 7.000000 40920.000000 0.000032
46 1540172160.000000 0.000000 2100.000000 0.000000
47 1540151100.000000 4.000000 16560.000000 0.000060
48 1540124670.000000 0.000000 8430.000000 0.000000
49 1540097070.000000 0.000000 6090.000000 0.000000
50 1540086090.000000 0.000000 2430.000000 0.000000
51 1540047690.000000 1.000000 34950.000000 0.000014
52 1540005360.000000 0.000000 7920.000000 0.000000
53 1539979110.000000 5.000000 17370.000000 0.000064
54 1539947340.000000 1.000000 14460.000000 0.000035
55 1539925380.000000 1.000000 3660.000000 0.000137
56 1539917580.000000 0.000000 6600.000000 0.000000
57 1539881100.000000 6.000000 27000.000000 0.000045
58 1539844230.000000 0.000000 8790.000000 0.000000
59 1539824040.000000 3.000000 13620.000000 0.000064
60 1539779160.000000 6.000000 29400.000000 0.000042
61 1539743610.000000 0.000000 5430.000000 0.000000
62 1539713790.000000 2.000000 25350.000000 0.000028
63 1539669450.000000 5.000000 17310.000000 0.000065
64 1539607350.000000 10.000000 40830.000000 0.000039
65 1539525810.000000 10.000000 42030.000000 0.000038
66 1539453930.000000 12.000000 24750.000000 0.000070
67 1539409680.000000 5.000000 16740.000000 0.000067
68 1539350940.000000 18.000000 43500.000000 0.000049
69 1539299460.000000 1.000000 4140.000000 0.000121
70 1539274950.000000 13.000000 22230.000000 0.000081
71 1539238080.000000 9.000000 10920.000000 0.000137
72 1539176640.000000 49.000000 42060.000000 0.000083
73 1539103050.000000 136.000000 30090.000000 0.000194
74 1539060780.000000 74.000000 10080.000000 0.000427
75 1539029820.000000 359.000000 21900.000000 0.000433
76 1538997450.000000 1.000000 8010.000000 0.000062
77 1538977260.000000 2.000000 12840.000000 0.000055
78 1538939880.000000 1.000000 21960.000000 0.000023
79 1538909910.000000 4.000000 3450.000000 0.000290
80 1538897790.000000 13.000000 9090.000000 0.000198
81 1538882550.000000 7.000000 4830.000000 0.000274
82 1538876190.000000 4.000000 2130.000000 0.000469
83 1538862750.000000 53.000000 10050.000000 0.000362
84 1538848170.000000 26.000000 2910.000000 0.000876
85 1538836380.000000 51.000000 8940.000000 0.000399
86 1538807670.000000 91.000000 19470.000000 0.000245
87 1538763690.000000 135.000000 25650.000000 0.000226
88 1538726250.000000 28.000000 6870.000000 0.000385
89 1538708880.000000 60.000000 10920.000000 0.000355
90 1538690040.000000 36.000000 6660.000000 0.000450
91 1538681100.000000 36.000000 4980.000000 0.000602
92 1538651940.000000 117.000000 22020.000000 0.000246
93 1538627610.000000 10.000000 1950.000000 0.000811
94 1538613750.000000 84.000000 12930.000000 0.000354
95 1538595600.000000 12.000000 2340.000000 0.000740
96 1538586270.000000 30.000000 7230.000000 0.000379
97 1538577360.000000 14.000000 2100.000000 0.000891
98 1538572680.000000 24.000000 4560.000000 0.000537
99 1538559060.000000 29.000000 5340.000000 0.000504
100 1538552670.000000 12.000000 2610.000000 0.000664
101 1538520270.000000 74.000000 16530.000000 0.000260
102 1538499390.000000 19.000000 3330.000000 0.000654
103 1538473650.000000 122.000000 23670.000000 0.000233
104 1538444340.000000 10.000000 2280.000000 0.000693
105 1538439420.000000 11.000000 4500.000000 0.000369
106 1538397840.000000 156.000000 37440.000000 0.000167
107 1538333310.000000 118.000000 27210.000000 0.000200
108 1538292690.000000 34.000000 8850.000000 0.000329
109 1538277570.000000 27.000000 4650.000000 0.000559
110 1538260410.000000 54.000000 12450.000000 0.000295
111 1538230080.000000 83.000000 17940.000000 0.000254
112 1538198430.000000 46.000000 8190.000000 0.000414
113 1538150340.000000 114.000000 24360.000000 0.000219
114 1538108340.000000 49.000000 11580.000000 0.000302
115 1538092710.000000 7.000000 3450.000000 0.000383
116 1538077170.000000 30.000000 12750.000000 0.000215
117 1538056290.000000 12.000000 6510.000000 0.000266
118 1538042550.000000 2.000000 3630.000000 0.000195
119 1538015460.000000 139.000000 15780.000000 0.000374
120 1537981410.000000 293.000000 17670.000000 0.000484
121 1537956330.000000 119.000000 3810.000000 0.001432
122 1537945380.000000 0.000000 3660.000000 0.000000
123 1537937010.000000 1.000000 2550.000000 0.000196
124 1537932660.000000 0.000000 1800.000000 0.000000
125 1537884450.000000 8.000000 38790.000000 0.000036
126 1537837860.000000 2.000000 4140.000000 0.000171
127 1537832700.000000 0.000000 2640.000000 0.000000
128 1537790940.000000 24.000000 38880.000000 0.000063
129 1537709790.000000 22.000000 40470.000000 0.000058
130 1537635780.000000 38.000000 28080.000000 0.000110
131 1537599030.000000 5.000000 6450.000000 0.000173
132 1537586790.000000 7.000000 8550.000000 0.000155
133 1537572900.000000 2.000000 2040.000000 0.000347
134 1537545630.000000 22.000000 24450.000000 0.000096
135 1537511910.000000 0.000000 5730.000000 0.000000
136 1537504770.000000 11.000000 2310.000000 0.000718
137 1537475370.000000 181.000000 19170.000000 0.000351
138 1537438500.000000 432.000000 18300.000000 0.000568
139 1537392030.000000 316.000000 8190.000000 0.001085
140 1537374900.000000 319.000000 9000.000000 0.000992
141 1537358640.000000 89.000000 3720.000000 0.001268
142 1537336770.000000 181.000000 17430.000000 0.000386
143 1537286310.000000 8.000000 27810.000000 0.000051
144 1537251810.000000 0.000000 4890.000000 0.000000
145 1537237020.000000 0.000000 4500.000000 0.000000
146 1537195500.000000 1.000000 34020.000000 0.000015
147 1537153890.000000 0.000000 7650.000000 0.000000
148 1537122180.000000 1.000000 22260.000000 0.000022
149 1537077390.000000 1.000000 20730.000000 0.000024
150 1537054710.000000 0.000000 2250.000000 0.000000
151 1537011000.000000 1.000000 40080.000000 0.000012
152 1536939930.000000 0.000000 30570.000000 0.000000
153 1536893010.000000 0.000000 2550.000000 0.000000
154 1536855120.000000 5.000000 28620.000000 0.000039
155 1536811170.000000 0.000000 13950.000000 0.000000
156 1536773880.000000 4.000000 23160.000000 0.000043
157 1536733530.000000 0.000000 18930.000000 0.000000
158 1536709470.000000 0.000000 2610.000000 0.000000
159 1536680850.000000 0.000000 27150.000000 0.000000
160 1536640680.000000 0.000000 12660.000000 0.000000
161 1536584970.000000 2.000000 42390.000000 0.000017
162 1536496170.000000 1.000000 43530.000000 0.000011
163 1536428130.000000 1.000000 23010.000000 0.000022
164 1536395460.000000 1.000000 8820.000000 0.000057
165 1536334440.000000 5.000000 50760.000000 0.000022
166 1536237210.000000 1.000000 43770.000000 0.000011
167 1536152970.000000 4.000000 42390.000000 0.000024
168 1536087540.000000 4.000000 20880.000000 0.000048
169 1536048840.000000 2.000000 14760.000000 0.000048
170 1536029910.000000 0.000000 6930.000000 0.000000
171 1535989530.000000 5.000000 30570.000000 0.000037
172 1535955060.000000 0.000000 4140.000000 0.000000
173 1535944950.000000 0.000000 4830.000000 0.000000
174 1535915400.000000 1.000000 21540.000000 0.000023
175 1535884800.000000 0.000000 2340.000000 0.000000
176 1535881560.000000 0.000000 2700.000000 0.000000
177 1535863770.000000 2.000000 9870.000000 0.000072
178 1535837340.000000 1.000000 8700.000000 0.000057
179 1535824320.000000 1.000000 6540.000000 0.000076
180 1535789610.000000 0.000000 18210.000000 0.000000
181 1535746470.000000 0.000000 14790.000000 0.000000
182 1535723490.000000 0.000000 6510.000000 0.000000
183 1535707560.000000 0.000000 5040.000000 0.000000
184 1535690580.000000 0.000000 12960.000000 0.000000
185 1535656200.000000 1.000000 18000.000000 0.000028
186 1535633400.000000 0.000000 2940.000000 0.000000
187 1535621760.000000 0.000000 2100.000000 0.000000
188 1535606370.000000 0.000000 4650.000000 0.000000
189 1535598480.000000 0.000000 3960.000000 0.000000
190 1535575710.000000 0.000000 13290.000000 0.000000
191 1535559360.000000 0.000000 4440.000000 0.000000
192 1535529660.000000 0.000000 21000.000000 0.000000
193 1535483880.000000 0.000000 18480.000000 0.000000
194 1535453760.000000 0.000000 6780.000000 0.000000
195 1535429580.000000 1.000000 7740.000000 0.000065
196 1535386350.000000 2.000000 28650.000000 0.000025
197 1535342550.000000 2.000000 14130.000000 0.000050
198 1535285580.000000 5.000000 42600.000000 0.000026
199 1535200980.000000 5.000000 40860.000000 0.000027
200 1535113530.000000 8.000000 43290.000000 0.000033
201 1535026170.000000 5.000000 42390.000000 0.000026
202 1534964250.000000 2.000000 17310.000000 0.000041
203 1534922280.000000 1.000000 25440.000000 0.000020
204 1534866600.000000 1.000000 30780.000000 0.000016
205 1534823400.000000 1.000000 9900.000000 0.000051
206 1534770480.000000 1.000000 38820.000000 0.000013
207 1534730280.000000 0.000000 3420.000000 0.000000
208 1534686870.000000 2.000000 38010.000000 0.000019
209 1534644480.000000 0.000000 3960.000000 0.000000
210 1534597680.000000 6.000000 42300.000000 0.000029
211 1534535100.000000 0.000000 13080.000000 0.000000
212 1534514190.000000 2.000000 3330.000000 0.000212
213 1534493910.000000 0.000000 15030.000000 0.000000
214 1534473960.000000 0.000000 6180.000000 0.000000
215 1534423680.000000 3.000000 41160.000000 0.000021
216 1534347090.000000 2.000000 29730.000000 0.000024
217 1534308900.000000 1.000000 6720.000000 0.000074
218 1534265520.000000 0.000000 27420.000000 0.000000
219 1534176810.000000 2.000000 28710.000000 0.000025
220 1534129530.000000 1.000000 3810.000000 0.000131
221 1534103100.000000 2.000000 16560.000000 0.000043
222 1534066440.000000 0.000000 1980.000000 0.000000
223 1534060590.000000 0.000000 3330.000000 0.000000
224 1534046550.000000 0.000000 10650.000000 0.000000
225 1533998370.000000 3.000000 33690.000000 0.000026
226 1533960210.000000 0.000000 3690.000000 0.000000
227 1533951840.000000 0.000000 2580.000000 0.000000
228 1533918540.000000 3.000000 29580.000000 0.000029
229 1533874320.000000 0.000000 11160.000000 0.000000
230 1533833220.000000 0.000000 27120.000000 0.000000
231 1533801090.000000 0.000000 3030.000000 0.000000
232 1533793650.000000 1.000000 2790.000000 0.000179
233 1533784980.000000 0.000000 4860.000000 0.000000
234 1533755640.000000 4.000000 18240.000000 0.000055
235 1533717870.000000 0.000000 20010.000000 0.000000
236 1533695460.000000 0.000000 1800.000000 0.000000
237 1533689310.000000 0.000000 2850.000000 0.000000

****************************************
Minimizer is Minuit / Migrad
Chi2                      =  4.31421e-06
NDf                       =           17
Edm                       =    1.624e-06
NCalls                    =          103
p0                        =   2.4407e-05   +/-   0.000121999 
p1                        =  9.64682e-05   +/-   7.31609e-05 
p2                        =      66.0906   +/-   0.678308    
p3                        =      1.00644   +/-   0.0733491   

****************************************
Minimizer is Minuit / Migrad
Chi2                      =  4.47228e-06
NDf                       =           55
Edm                       =  1.96546e-06
NCalls                    =          103
p0                        =  5.08333e-05   +/-   3.83514e-05 
p1                        =  9.61362e-05   +/-   4.24925e-05 
p2                        =      66.0875   +/-   0.39897     
p3                        =      1.00705   +/-   0.0429294   
68040.000000 1.000000 
83340.000000 1.000000 
127860.000000 2.000000 
169320.000000 3.000000 
173820.000000 3.000000 
253980.000000 4.000000 
315120.000000 4.000000 
320220.000000 4.000000 
377460.000000 9.000000 
405360.000000 9.000000 
451680.000000 13.000000 
489540.000000 13.000000 
494760.000000 13.000000 
549060.000000 13.000000 
574380.000000 13.000000 
659160.000000 15.000000 
746220.000000 16.000000 
792240.000000 17.000000 
809880.000000 18.000000 
911400.000000 23.000000 
998940.000000 24.000000 
1083720.000000 28.000000 
1125480.000000 32.000000 
1155000.000000 34.000000 
1168860.000000 34.000000 
1230000.000000 39.000000 
1238280.000000 39.000000 
1247940.000000 39.000000 
1291020.000000 40.000000 
1295700.000000 40.000000 
1301100.000000 40.000000 
1320840.000000 42.000000 
1338240.000000 43.000000 
1351320.000000 44.000000 
1387740.000000 44.000000 
1417320.000000 44.000000 
1430340.000000 44.000000 
1440420.000000 44.000000 
1466340.000000 44.000000 
1502340.000000 45.000000 
1508220.000000 45.000000 
1512420.000000 45.000000 
1521720.000000 45.000000 
1529640.000000 45.000000 
1556220.000000 45.000000 
1565100.000000 45.000000 
1607100.000000 45.000000 
1644060.000000 45.000000 
1657620.000000 45.000000 
1673100.000000 46.000000 
1730400.000000 48.000000 
1758660.000000 50.000000 
1843860.000000 55.000000 
1925580.000000 60.000000 
2012160.000000 68.000000 
2096940.000000 73.000000 
2131560.000000 75.000000 
2182440.000000 76.000000 
2244000.000000 77.000000 
2263800.000000 78.000000 
2341440.000000 79.000000 
2348280.000000 79.000000 
2424300.000000 81.000000 
2432220.000000 81.000000 
2516820.000000 87.000000 
2542980.000000 87.000000 
2549640.000000 89.000000 
2579700.000000 89.000000 
2592060.000000 89.000000 
2674380.000000 92.000000 
2733840.000000 94.000000 
2747280.000000 95.000000 
2802120.000000 95.000000 
2859540.000000 97.000000 
2867160.000000 98.000000 
2900280.000000 100.000000 
2904240.000000 100.000000 
2910900.000000 100.000000 
2932200.000000 100.000000 
2999580.000000 103.000000 
3006960.000000 103.000000 
3012120.000000 103.000000 
3071280.000000 106.000000 
3093600.000000 106.000000 
3147840.000000 106.000000 
3153900.000000 106.000000 
3159480.000000 107.000000 
3169200.000000 107.000000 
3205680.000000 111.000000 #Aug duration counts
            0.000000             0.000000 0.000035 
84360.000000 2.000000 
169620.000000 7.000000 
214440.000000 10.000000 
228300.000000 10.000000 
235500.000000 10.000000 
315120.000000 12.000000 
365940.000000 14.000000 
379440.000000 14.000000 
384120.000000 14.000000 
388080.000000 14.000000 
402900.000000 14.000000 
425580.000000 14.000000 
433500.000000 14.000000 
439440.000000 14.000000 
445440.000000 14.000000 
450720.000000 14.000000 
456420.000000 14.000000 
465540.000000 14.000000 
496740.000000 17.000000 
541260.000000 20.000000 
545220.000000 20.000000 
629940.000000 22.000000 
670800.000000 23.000000 
712560.000000 25.000000 
802260.000000 27.000000 
888180.000000 30.000000 
972660.000000 35.000000 
1053900.000000 39.000000 
1135740.000000 46.000000 
1139940.000000 46.000000 
1173060.000000 50.000000 
1189920.000000 50.000000 
1202100.000000 50.000000 
1206960.000000 50.000000 
1276860.000000 51.000000 
1292700.000000 51.000000 
1327440.000000 56.000000 
1356360.000000 57.000000 
1363680.000000 58.000000 
1376880.000000 58.000000 
1430880.000000 64.000000 
1448460.000000 64.000000 
1475700.000000 67.000000 #Oct
            0.000000             0.000000 0.000045 
33060.000000 1.000000 
51540.000000 4.000000 
136800.000000 5.000000 
140760.000000 5.000000 
203100.000000 7.000000 
227880.000000 7.000000 
288120.000000 8.000000 
306780.000000 8.000000 
392880.000000 12.000000 
452820.000000 14.000000 
558300.000000 16.000000 #Jan
            0.000000             0.000000 0.000029 
