21621 1
21627 1
21633 3
21634 0
21638 0
21641 0
21647 3
21652 1
21657 7
21658 0
21670 2
21677 0
21717 4
21723 1
21730 0
21732 4
21736 8
21738 0
21742 4
21748 6
21754 2
21755 0
21761 5
21765 0
21770 1
21774 0
21778 1
21779 4
21783 70
21788 10
21789 5
21795 634
21799 767
21803 14
21804 486
21808 4
21814 266
21818 798
21822 855
21850 1168
21863 30
21867 1009
21871 199
21873 470
21876 515
21893 14
21894 90
21895 95
21896 158
21897 219
21898 1123
21903 76
21904 358
21910 1490
21918 1939
21926 319
21928 1649
21933 1988
21938 2058
21943 612
21944 1466
21950 125
21956 235
21957 1840
21961 2274
21965 361
21967 824
21969 36
21982 333
21983 1787
21987 1920
22024 487
22025 923
22031 2357
22036 1594
22040 1695
22048 247
22052 1936
22057 1930
22063 1954
22068 53
22070 584
22071 1335
22075 1649
22079 709
22084 129
22085 7
22089 27
22095 13
22099 4
22103 2
22105 5
22110 0
22111 0
22115 2
22119 0
22124 0
22128 2
22129 1
22134 5
22140 1
22141 0
22155 3
22159 1
22160 3
22164 5
22171 1
22172 0
22176 5
22180 3
22181 3
22185 0
22186 6
22193 3
22197 3
22206 2
22207 3
22212 3
22252 3
22260 1
22261 0
22267 2
22273 6
22279 5
