21621 5
21627 9
21633 6
21634 0
21638 2
21641 0
21647 5
21652 4
21657 3
21658 0
21670 2
21677 7
21717 6
21723 2
21730 0
21732 8
21736 6
21738 1
21742 8
21748 6
21754 4
21755 0
21761 3
21765 8
21770 3
21774 1
21778 5
21779 5
21783 12
21788 4
21789 3
21795 60
21799 40
21803 1
21804 34
21808 1
21814 13
21818 58
21822 45
21850 63
21863 3
21867 51
21871 10
21873 15
21876 28
21893 1
21894 9
21895 5
21896 15
21897 12
21898 83
21903 4
21904 22
21910 104
21918 92
21926 26
21928 91
21933 108
21938 114
21943 19
21944 68
21950 3
21956 18
21957 96
21961 108
21965 23
21967 57
21969 5
21982 18
21983 113
21987 97
22024 32
22025 52
22031 134
22036 96
22040 94
22048 11
22052 97
22057 102
22063 88
22068 3
22070 28
22071 93
22075 94
22079 26
22084 10
22085 0
22089 5
22095 9
22099 8
22103 1
22105 6
22110 2
22111 1
22115 7
22119 1
22124 1
22128 0
22129 4
22134 7
22140 6
22141 0
22155 10
22159 0
22160 6
22164 1
22171 4
22172 0
22176 6
22180 1
22181 8
22185 1
22186 6
22193 4
22197 5
22206 2
22207 2
22212 6
22252 2
22260 2
22261 3
22267 3
22273 6
22279 7
