21621 218
21627 193
21633 129
21634 25
21638 52
21641 14
21647 217
21652 188
21657 214
21658 16
21670 161
21677 68
21717 318
21723 176
21730 15
21732 242
21736 286
21738 18
21742 301
21748 286
21754 262
21755 15
21761 310
21765 272
21770 233
21774 28
21778 258
21779 12
21783 296
21788 181
21789 143
21795 377
21799 267
21803 7
21804 289
21808 6
21814 208
21818 251
21822 211
21850 254
21863 9
21867 232
21871 50
21873 102
21876 107
21893 5
21894 29
21895 33
21896 45
21897 65
21898 274
21903 14
21904 91
21910 355
21918 459
21926 90
21928 373
21933 482
21938 527
21943 167
21944 316
21950 38
21956 60
21957 523
21961 577
21965 93
21967 235
21969 2
21982 97
21983 475
21987 581
22024 144
22025 227
22031 626
22036 462
22040 489
22048 71
22052 552
22057 555
22063 526
22068 12
22070 148
22071 328
22075 479
22079 364
22084 371
22085 62
22089 331
22095 339
22099 317
22103 65
22105 270
22110 231
22111 41
22115 337
22119 36
22124 60
22128 52
22129 178
22134 303
22140 283
22141 15
22155 280
22159 40
22160 294
22164 227
22171 189
22172 8
22176 273
22180 70
22181 217
22185 72
22186 236
22193 275
22197 221
22206 151
22207 116
22212 254
22252 193
22260 46
22261 31
22267 154
22273 249
22279 278
