24327 183
24333 42
24334 87
24336 132
24343 217
24348 252
24360 290
24365 43
24366 107
24371 227
24376 214
24381 51
24382 119
24388 110
24389 122
24394 78
24395 182
24400 8
24418 8
24419 6
24424 151
24429 201
24430 8
24435 105
24436 117
24441 3
24442 45
24443 149
24449 32
24450 5
24452 30
24454 156
24459 8
24460 138
24461 41
24466 17
24467 161
24468 162
24481 35
24482 11
24484 269
24485 313
24493 23
24495 45
24515 122
24516 124
24517 337
24523 20
24536 876
24537 46
24541 76
24576 363
24581 912
24582 272
24588 994
24592 51
24593 2181
24594 49
24595 37
24596 153
24597 103
24653 673
24654 104
24656 1597
24657 959
24658 398
24663 687
24664 171
24665 2145
24670 3208
24671 446
24672 213
24677 2040
24678 288
24679 1465
24720 54
24831 75
24832 36
24833 242
24839 509
24840 78
24841 436
24842 214
24843 737
24844 170
24845 1189
24850 173
24851 2065
24852 476
24853 647
24858 986
24859 571
24860 130
24861 2183
24866 1693
24867 817
24868 304
24869 970
24870 36
24871 19
24872 13
24873 19
24874 15
24880 9
24881 4
24882 22
24889 10
24891 6
24892 1717
24898 661
24899 1993
24904 2559
24905 67
24906 33
24913 51
24914 41
24916 603
24917 1093
24918 200
24925 1941
24931 671
24932 944
24934 63
24939 1363
24944 1193
24953 459
24961 644
24966 138
24970 301
24971 188
24976 523
24981 105
24982 69
24984 261
24985 314
24991 148
24993 578
24994 40
24995 78
24996 13
24998 0
25004 133
25009 237
25010 26
25011 11
25016 21
25017 534
25023 495
25029 503
25034 470
25039 475
25044 219
25045 186
25050 389
25051 29
25056 235
25057 124
25113 15
