  22185 2018 01 10 10 41 35 04 49 47
  22316 2018 01 22 17 08 02 01 41 21
  21850 2017 11 29 10 09 43 22 24 15
  22155 2018 01 04 11 21 42 22 52 55
  22084 2017 12 24 09 09 33 24 37 02
  22134 2018 01 02 10 48 31 23 18 26
  21765 2017 11 18 13 20 49 23 29 33
  22368 2018 01 28 08 24 06 03 23 55
  21898 2017 12 02 20 08 16 13 03 28
  21944 2017 12 08 16 03 54 16 08 18
  22071 2017 12 21 20 42 57 16 11 12
  21717 2017 11 10 01 34 29 27 43 53
  21627 2017 11 02 14 32 00 22 18 38
  22340 2018 01 23 23 08 24 08 48 29
  21638 2017 11 04 12 53 26 07 50 14
  21867 2017 11 30 11 48 51 21 01 38
  22128 2018 01 01 13 16 35 05 04 47
  22369 2018 01 28 11 49 29 08 24 22
  21732 2017 11 12 14 48 35 22 02 14
  21761 2017 11 17 11 26 00 25 36 33
  21736 2017 11 13 13 20 20 15 17 17
  22212 2018 01 14 09 06 24 23 41 03
  22260 2018 01 16 10 11 51 03 11 44
  21783 2017 11 21 12 25 17 20 59 04
  22267 2018 01 16 19 10 41 14 12 06
  21903 2017 12 03 09 28 24 00 46 26
  22119 2017 12 31 12 49 27 02 57 14
  21633 2017 11 03 13 09 40 19 21 42
  22391 2018 01 31 19 08 43 15 19 21
  22261 2018 01 16 13 23 51 02 38 38
  22370 2018 01 28 21 15 29 11 43 38
  22273 2018 01 17 09 40 28 23 23 50
  21982 2017 12 12 10 21 08 04 27 21
  22317 2018 01 22 18 55 27 01 16 58
  22180 2018 01 09 09 10 52 05 56 40
  21961 2017 12 10 13 14 52 26 17 39
  21969 2017 12 12 08 57 57 00 24 16
  21918 2017 12 04 11 44 23 21 40 44
  21677 2017 11 09 09 47 11 09 03 19
  22031 2017 12 15 09 25 17 27 10 49
  21742 2017 11 14 13 08 33 24 04 49
  21863 2017 11 30 10 49 29 00 53 49
  21987 2017 12 13 12 56 27 23 55 58
  21967 2017 12 11 21 27 35 11 29 48
  21789 2017 11 23 01 37 03 11 08 45
  21938 2017 12 07 09 19 31 23 10 45
  22378 2018 01 29 12 11 27 02 21 19
  22381 2018 01 30 13 01 57 02 08 28
  22025 2017 12 14 21 37 19 11 05 10
  21774 2017 11 20 08 29 15 02 17 23
  22172 2018 01 08 08 56 04 00 38 59
  22024 2017 12 14 15 39 52 05 57 09
  21871 2017 12 01 09 13 44 03 42 26
  21910 2017 12 03 17 44 33 16 36 04
  22110 2017 12 29 13 14 24 16 14 05
  21808 2017 11 26 10 38 36 00 26 04
  22332 2018 01 23 15 31 38 01 21 13
  21818 2017 11 27 10 24 04 24 22 04
  22379 2018 01 29 14 57 48 17 27 08
  22336 2018 01 23 19 09 02 01 44 08
  22111 2017 12 30 10 32 59 02 20 28
  21814 2017 11 26 11 15 40 22 53 17
  22115 2017 12 30 13 09 12 23 25 59
  22207 2018 01 13 23 01 41 08 07 26
  22322 2018 01 23 09 38 08 01 43 15
  21647 2017 11 05 12 52 15 23 45 07
  22052 2017 12 18 13 29 03 23 24 18
  21652 2017 11 06 12 53 31 22 24 57
  21738 2017 11 14 10 38 43 02 05 50
  22358 2018 01 26 10 06 14 18 53 45
  21799 2017 11 24 12 59 48 21 25 54
  21748 2017 11 15 14 27 45 22 52 43
  22089 2017 12 25 13 50 26 22 49 26
  21873 2017 12 01 12 56 45 09 23 37
  22193 2018 01 11 13 33 14 23 31 46
  22048 2017 12 18 10 14 35 02 54 51
  22279 2018 01 18 09 48 48 26 43 04
  22103 2017 12 28 12 51 09 04 40 16
  22075 2017 12 22 13 08 41 20 32 56
  21778 2017 11 20 11 01 33 23 56 50
  22159 2018 01 05 10 30 38 03 27 49
  22320 2018 01 23 07 36 37 01 41 50
  22329 2018 01 23 11 40 19 01 41 35
  21803 2017 11 25 10 42 26 00 24 58
  21965 2017 12 11 16 09 23 04 24 12
  21943 2017 12 08 08 46 30 07 17 06
  22171 2018 01 07 17 21 17 15 34 29
  22140 2018 01 03 10 33 29 19 56 51
  21657 2017 11 07 11 33 58 22 15 05
  21730 2017 11 12 13 14 49 01 26 18
  21621 2017 11 01 09 57 28 25 19 10
  22318 2018 01 22 21 25 43 01 44 11
  22040 2017 12 17 08 53 57 19 36 43
  22057 2017 12 19 13 10 16 23 38 29
  21895 2017 12 02 13 16 48 01 24 45
  21933 2017 12 06 09 14 00 23 48 07
  22186 2018 01 10 16 07 40 20 50 33
  21788 2017 11 22 09 43 16 15 53 29
  21754 2017 11 16 13 38 48 13 00 34
  22164 2018 01 06 14 43 45 17 29 11
  22344 2018 01 24 08 24 24 00 36 03
  22181 2018 01 10 00 20 08 09 03 02
  22290 2018 01 20 11 09 09 01 28 24
  22176 2018 01 08 09 50 08 22 55 08
  22331 2018 01 23 13 22 52 01 38 39
  21926 2017 12 05 09 41 36 03 55 42
  21795 2017 11 23 13 05 06 23 39 13
  22079 2017 12 23 10 07 38 22 46 56
  21770 2017 11 19 13 21 40 15 08 33
  22129 2018 01 01 19 52 30 14 37 18
  22095 2017 12 26 13 56 02 22 05 38
  21755 2017 11 17 09 27 42 01 43 00
  22105 2017 12 28 17 32 19 19 26 04
  22292 2018 01 20 12 38 55 19 28 13
  21723 2017 11 11 17 02 51 19 42 13
  21904 2017 12 03 10 15 06 03 57 09
  22362 2018 01 27 12 33 33 18 57 09
  22390 2018 01 31 09 08 17 10 00 10
  22070 2017 12 21 13 54 24 06 47 44
  21641 2017 11 05 10 28 25 02 06 44
  21983 2017 12 12 14 48 46 21 52 10
  21876 2017 12 01 22 41 20 09 53 49
  21779 2017 11 21 11 00 54 01 07 03
  22124 2018 01 01 08 42 21 04 13 55
  21956 2017 12 09 10 36 06 03 04 26
  22085 2017 12 25 09 46 52 03 43 11
  21634 2017 11 04 08 31 40 04 07 12
  22036 2017 12 16 12 52 56 19 40 40
  22141 2018 01 04 08 59 52 01 20 19
  22063 2017 12 20 13 03 54 23 42 17
  22337 2018 01 23 21 00 12 01 43 14
  21804 2017 11 25 11 07 58 23 14 54
  22068 2017 12 21 13 13 02 00 39 44
  22206 2018 01 13 09 14 00 13 47 23
  21670 2017 11 08 17 22 26 15 07 58
  22382 2018 01 30 17 27 20 02 14 22
  21957 2017 12 09 13 40 49 23 10 43
  22335 2018 01 23 17 31 00 01 36 44
  21822 2017 11 28 11 03 48 14 23 26
  22252 2018 01 15 14 29 40 19 20 54
  21950 2017 12 09 08 28 33 01 24 01
  22283 2018 01 19 12 51 54 20 01 26
  21893 2017 12 02 10 51 37 00 26 49
  22099 2017 12 27 13 02 12 23 31 13
  21897 2017 12 02 17 29 14 02 38 46
  22386 2018 01 30 20 02 18 10 55 56
  22197 2018 01 12 13 24 07 19 33 06
  21894 2017 12 02 11 18 42 01 57 50
  21928 2017 12 05 13 37 51 19 13 18
  22296 2018 01 21 08 37 54 16 45 55
  22160 2018 01 05 13 58 43 24 30 38
  21896 2017 12 02 14 41 49 01 21 14
  21658 2017 11 08 11 24 23 01 12 39